#! FIELDS arg d_L0(s) d_L1(s) d_L2(s) d_L3(s) d_L4(s) d_L5(s) d_L6(s) d_L7(s) d_L8(s) d_L9(s) d_L10(s) d_L11(s) d_L12(s) d_L13(s) d_L14(s)
#! SET bf_keywords {BF_LEGENDRE ORDER=14 MINIMUM=-4.0 MAXIMUM=4.0}
#! SET min -4.0
#! SET max 4.0
#! SET nbins  201
#! SET periodic false
    -4.000000     0.000000     0.250000    -0.750000     1.500000    -2.500000     3.750000    -5.250000     7.000000    -9.000000    11.250000   -13.750000    16.500000   -19.500000    22.750000   -26.250000
    -3.960000     0.000000     0.250000    -0.742500     1.462687    -2.388808     3.492711    -4.740554     6.093660    -7.509487     8.942717   -10.346404    11.673184   -12.876506    13.911844   -14.737885
    -3.920000     0.000000     0.250000    -0.735000     1.425750    -2.280215     3.245687    -4.261442     5.261828    -6.179619     6.949500    -7.511501     7.814218    -7.817678     7.495691    -6.837575
    -3.880000     0.000000     0.250000    -0.727500     1.389188    -2.174194     3.008695    -3.811522     4.500404    -4.998386     5.239969    -5.176530     4.780626    -4.048854     3.003048    -1.689683
    -3.840000     0.000000     0.250000    -0.720000     1.353000    -2.070720     2.781505    -3.389675     3.805435    -3.954408     3.785879    -3.278928     2.445851    -1.332479     0.015285     1.404501
    -3.800000     0.000000     0.250000    -0.712500     1.317187    -1.969766     2.563890    -2.994811     3.173114    -3.036913     2.561014    -1.761909     0.697893     0.535814    -1.816515     3.007094
    -3.760000     0.000000     0.250000    -0.705000     1.281750    -1.871305     2.355623    -2.625861     2.599778    -2.235712     1.541083    -0.574070    -0.561977     1.730798    -2.780672     3.564791
    -3.720000     0.000000     0.250000    -0.697500     1.246688    -1.775312     2.156481    -2.281785     2.081903    -1.541181     0.703618     0.330987    -1.420397     2.400950    -3.113077     3.427390
    -3.680000     0.000000     0.250000    -0.690000     1.212000    -1.681760     1.966243    -1.961564     1.616101    -0.944240     0.027875     0.995015    -1.953032     2.671453    -3.004500     2.863956
    -3.640000     0.000000     0.250000    -0.682500     1.177687    -1.590623     1.784691    -1.664205     1.199117    -0.436329    -0.505254     1.455460    -2.225604     2.646944    -2.607093     2.076850
    -3.600000     0.000000     0.250000    -0.675000     1.143750    -1.501875     1.611609    -1.388737     0.827825    -0.009393    -0.913340     1.745782    -2.294854     2.414009    -2.040175     1.213855
    -3.560000     0.000000     0.250000    -0.667500     1.110187    -1.415489     1.446783    -1.134214     0.499229     0.344143    -1.212494     1.895760    -2.209432     2.043450    -1.395346     0.378605
    -3.520000     0.000000     0.250000    -0.660000     1.077000    -1.331440     1.290001    -0.899714     0.210454     0.631389    -1.417458     1.931779    -2.010723     1.592336    -0.740999    -0.360505
    -3.480000     0.000000     0.250000    -0.652500     1.044187    -1.249701     1.141055    -0.684338    -0.041254     0.859009    -1.541682     1.877102    -1.733615     1.105856    -0.126280    -0.962743
    -3.440000     0.000000     0.250000    -0.645000     1.011750    -1.170245     0.999737    -0.487208    -0.258529     1.033241    -1.597403     1.752128    -1.407200     0.618989     0.415445    -1.408651
    -3.400000     0.000000     0.250000    -0.637500     0.979687    -1.093047     0.865843    -0.307470    -0.443893     1.159914    -1.595714     1.574628    -1.055425     0.158002     0.863582    -1.694710
    -3.360000     0.000000     0.250000    -0.630000     0.948000    -1.018080     0.739171    -0.144292    -0.599754     1.244463    -1.546643     1.359977    -0.697692    -0.258210     1.207701    -1.828902
    -3.320000     0.000000     0.250000    -0.622500     0.916687    -0.945318     0.619522     0.003134    -0.728412     1.291951    -1.459215     1.121368    -0.349408    -0.616929     1.445299    -1.827087
    -3.280000     0.000000     0.250000    -0.615000     0.885750    -0.874735     0.506699     0.135598    -0.832060     1.307080    -1.341519     0.870007    -0.022482    -0.910553     1.579883    -1.710067
    -3.240000     0.000000     0.250000    -0.607500     0.855188    -0.806304     0.400505     0.253865    -0.912789     1.294209    -1.200771     0.615307     0.274210    -1.135656     1.619359    -1.501246
    -3.200000     0.000000     0.250000    -0.600000     0.825000    -0.740000     0.300750     0.358680    -0.972587     1.257372    -1.043372     0.365059     0.534409    -1.292168     1.574670    -1.224809
    -3.160000     0.000000     0.250000    -0.592500     0.795188    -0.675796     0.207242     0.450768    -1.013347     1.200288    -0.874969     0.125600     0.754095    -1.382646     1.458669    -0.904335
    -3.120000     0.000000     0.250000    -0.585000     0.765750    -0.613665     0.119795     0.530831    -1.036864     1.126381    -0.700504    -0.098038     0.931140    -1.411654     1.285203    -0.561786
    -3.080000     0.000000     0.250000    -0.577500     0.736688    -0.553582     0.038221     0.599551    -1.044843     1.038790    -0.524271    -0.301979     1.064998    -1.385215     1.068368    -0.216797
    -3.040000     0.000000     0.250000    -0.570000     0.708000    -0.495520    -0.037661     0.657593    -1.038899     0.940386    -0.349962    -0.483378     1.156430    -1.310351     0.821923     0.113773
    -3.000000     0.000000     0.250000    -0.562500     0.679688    -0.439453    -0.108032     0.705597    -1.020557     0.833785    -0.180718    -0.640291     1.207248    -1.194685     0.558844     0.416078
    -2.960000     0.000000     0.250000    -0.555000     0.651750    -0.385355    -0.173071     0.744186    -0.991262     0.721360    -0.019168    -0.771565     1.220098    -1.046117     0.290990     0.679358
    -2.920000     0.000000     0.250000    -0.547500     0.624188    -0.333199    -0.232954     0.773964    -0.952373     0.605253     0.132521    -0.876733     1.198258    -0.872542     0.028878     0.895877
    -2.880000     0.000000     0.250000    -0.540000     0.597000    -0.282960    -0.287855     0.795514    -0.905171     0.487391     0.272609    -0.955912     1.145468    -0.681638    -0.218468     1.060764
    -2.840000     0.000000     0.250000    -0.532500     0.570187    -0.234611    -0.337944     0.809401    -0.850861     0.369494     0.399744    -1.009721     1.065776    -0.480678    -0.443587     1.171774
    -2.800000     0.000000     0.250000    -0.525000     0.543750    -0.188125    -0.383391     0.816172    -0.790571     0.253089     0.512922    -1.039195     0.963403    -0.276404    -0.640598     1.228996
    -2.760000     0.000000     0.250000    -0.517500     0.517687    -0.143477    -0.424362     0.816353    -0.725359     0.139521     0.611457    -1.045712     0.842634    -0.074914    -0.805164     1.234539
    -2.720000     0.000000     0.250000    -0.510000     0.492000    -0.100640    -0.461021     0.810455    -0.656213     0.029962     0.694945    -1.030923     0.707718     0.118396    -0.934423     1.192189
    -2.680000     0.000000     0.250000    -0.502500     0.466687    -0.059588    -0.493530     0.798969    -0.584052    -0.074576     0.763236    -0.996693     0.562787     0.298888    -1.026884     1.107069
    -2.640000     0.000000     0.250000    -0.495000     0.441750    -0.020295    -0.522049     0.782370    -0.509731    -0.173231     0.816405    -0.945044     0.411786     0.462692    -1.082304     0.985305
    -2.600000     0.000000     0.250000    -0.487500     0.417187     0.017266    -0.546735     0.761113    -0.434043    -0.265284     0.854721    -0.878108     0.258424     0.606714    -1.101551     0.833710
    -2.560000     0.000000     0.250000    -0.480000     0.393000     0.053120    -0.567743     0.735638    -0.357718    -0.350144     0.878629    -0.798076     0.106122     0.728618    -1.086456     0.659486
    -2.520000     0.000000     0.250000    -0.472500     0.369188     0.087294    -0.585224     0.706367    -0.281430    -0.427347     0.888719    -0.707167    -0.042009     0.826792    -1.039655     0.469957
    -2.480000     0.000000     0.250000    -0.465000     0.345750     0.119815    -0.599329     0.673707    -0.205796    -0.496537     0.885707    -0.607585    -0.183202     0.900317    -0.964440     0.272330
    -2.440000     0.000000     0.250000    -0.457500     0.322688     0.150708    -0.610206     0.638047    -0.131378    -0.557467     0.870417    -0.501496    -0.315042     0.948908    -0.864609     0.073491
    -2.400000     0.000000     0.250000    -0.450000     0.300000     0.180000    -0.618000     0.599760    -0.058688    -0.609984     0.843754    -0.390995    -0.435476     0.972864    -0.744314    -0.120169
    -2.360000     0.000000     0.250000    -0.442500     0.277688     0.207717    -0.622854     0.559204     0.011814    -0.654026     0.806694    -0.278087    -0.542814     0.973003    -0.607934    -0.302896
    -2.320000     0.000000     0.250000    -0.435000     0.255750     0.233885    -0.624907     0.516720     0.079714    -0.689610     0.760266    -0.164670    -0.635724     0.950601    -0.459941    -0.469672
    -2.280000     0.000000     0.250000    -0.427500     0.234188     0.258531    -0.624300     0.472635     0.144645    -0.716829     0.705533    -0.052515    -0.713226     0.907324    -0.304786    -0.616298
    -2.240000     0.000000     0.250000    -0.420000     0.213000     0.281680    -0.621167     0.427261     0.206284    -0.735840     0.643580     0.056745    -0.774670     0.845164    -0.146799    -0.739438
    -2.200000     0.000000     0.250000    -0.412500     0.192188     0.303359    -0.615642     0.380895     0.264349    -0.746862     0.575503     0.161624    -0.819729     0.766372     0.009906    -0.836639
    -2.160000     0.000000     0.250000    -0.405000     0.171750     0.323595    -0.607855     0.333818     0.318597    -0.750169     0.502397     0.260789    -0.848371     0.673391     0.161503    -0.906323
    -2.120000     0.000000     0.250000    -0.397500     0.151688     0.342413    -0.597937     0.286299     0.368827    -0.746080     0.425343     0.353067    -0.860841     0.568804     0.304523    -0.947767
    -2.080000     0.000000     0.250000    -0.390000     0.132000     0.359840    -0.586013     0.238591     0.414869    -0.734958     0.345401     0.437447    -0.857633     0.455266     0.435898    -0.961056
    -2.040000     0.000000     0.250000    -0.382500     0.112688     0.375902    -0.572207     0.190934     0.456593    -0.717201     0.263599     0.513081    -0.839469     0.335455     0.553004    -0.947018
    -2.000000     0.000000     0.250000    -0.375000     0.093750     0.390625    -0.556641     0.143555     0.493896    -0.693237     0.180931     0.579281    -0.807269     0.212020     0.653687    -0.907158
    -1.960000     0.000000     0.250000    -0.367500     0.075187     0.404036    -0.539434     0.096667     0.526711    -0.663523     0.098343     0.635517    -0.762125     0.087540     0.736272    -0.843572
    -1.920000     0.000000     0.250000    -0.360000     0.057000     0.416160    -0.520703     0.050470     0.554998    -0.628535     0.016733     0.681416    -0.705274    -0.035524     0.799571    -0.758854
    -1.880000     0.000000     0.250000    -0.352500     0.039187     0.427024    -0.500563     0.005153     0.578743    -0.588765    -0.063056     0.716749    -0.638070    -0.154860     0.842876    -0.656004
    -1.840000     0.000000     0.250000    -0.345000     0.021750     0.436655    -0.479125    -0.039111     0.597960    -0.544720    -0.140242     0.741435    -0.561960    -0.268335     0.865944    -0.538334
    -1.800000     0.000000     0.250000    -0.337500     0.004687     0.445078    -0.456501    -0.082158     0.612688    -0.496912    -0.214102     0.755522    -0.478455    -0.374022     0.868973    -0.409362
    -1.760000     0.000000     0.250000    -0.330000    -0.012000     0.452320    -0.432797    -0.123837     0.622987    -0.445860    -0.283981     0.759187    -0.389110    -0.470223     0.852574    -0.272727
    -1.720000     0.000000     0.250000    -0.322500    -0.028313     0.458407    -0.408118    -0.164009     0.628939    -0.392084    -0.349290     0.752726    -0.295493    -0.555481     0.817736    -0.132091
    -1.680000     0.000000     0.250000    -0.315000    -0.044250     0.463365    -0.382567    -0.202546     0.630645    -0.336100    -0.409507     0.736540    -0.199171    -0.628590     0.765785     0.008943
    -1.640000     0.000000     0.250000    -0.307500    -0.059812     0.467221    -0.356245    -0.239331     0.628226    -0.278420    -0.464181     0.711129    -0.101683    -0.688607     0.698342     0.146912
    -1.600000     0.000000     0.250000    -0.300000    -0.075000     0.470000    -0.329250    -0.274260     0.621817    -0.219546    -0.512930     0.677081    -0.004525    -0.734849     0.617276     0.278562
    -1.560000     0.000000     0.250000    -0.292500    -0.089813     0.471729    -0.301677    -0.307236     0.611571    -0.159971    -0.555441     0.635059     0.090872    -0.766894     0.524657     0.400914
    -1.520000     0.000000     0.250000    -0.285000    -0.104250     0.472435    -0.273619    -0.338176     0.597654    -0.100174    -0.591470     0.585796     0.183153    -0.784573     0.422705     0.511313
    -1.480000     0.000000     0.250000    -0.277500    -0.118313     0.472143    -0.245169    -0.367005     0.580245    -0.040618    -0.620840     0.530076     0.271055    -0.787963     0.313745     0.607474
    -1.440000     0.000000     0.250000    -0.270000    -0.132000     0.470880    -0.216413    -0.393657     0.559534     0.018253    -0.643440     0.468733     0.353422    -0.777375     0.200158     0.687516
    -1.400000     0.000000     0.250000    -0.262500    -0.145313     0.468672    -0.187438    -0.418079     0.535721     0.076013    -0.659221     0.402632     0.429209    -0.753338     0.084333     0.749983
    -1.360000     0.000000     0.250000    -0.255000    -0.158250     0.465545    -0.158329    -0.440224     0.509016     0.132258    -0.668199     0.332665     0.497497    -0.716582    -0.031376     0.793860
    -1.320000     0.000000     0.250000    -0.247500    -0.170813     0.461526    -0.129167    -0.460055     0.479635     0.186607    -0.670447     0.259737     0.557495    -0.668020    -0.144688     0.818574
    -1.280000     0.000000     0.250000    -0.240000    -0.183000     0.456640    -0.100031    -0.477546     0.447801     0.238703    -0.666095     0.184758     0.608547    -0.608727    -0.253441     0.823993
    -1.240000     0.000000     0.250000    -0.232500    -0.194813     0.450914    -0.070997    -0.492677     0.413745     0.288215    -0.655324     0.108635     0.650136    -0.539917    -0.355617     0.810412
    -1.200000     0.000000     0.250000    -0.225000    -0.206250     0.444375    -0.042141    -0.505437     0.377698     0.334836    -0.638369     0.032260     0.681882    -0.462918    -0.449382     0.778527
    -1.160000     0.000000     0.250000    -0.217500    -0.217312     0.437048    -0.013533    -0.515824     0.339898     0.378290    -0.615507    -0.043496     0.703546    -0.379155    -0.533102     0.729412
    -1.120000     0.000000     0.250000    -0.210000    -0.228000     0.428960     0.014755    -0.523841     0.300583     0.418326    -0.587059    -0.117789     0.715026    -0.290117    -0.605376     0.664484
    -1.080000     0.000000     0.250000    -0.202500    -0.238312     0.420137     0.042657    -0.529503     0.259992     0.454722    -0.553388    -0.189816     0.716352    -0.197342    -0.665043     0.585458
    -1.040000     0.000000     0.250000    -0.195000    -0.248250     0.410605     0.070109    -0.532828     0.218366     0.487285    -0.514887    -0.258812     0.707687    -0.102384    -0.711203     0.494310
    -1.000000     0.000000     0.250000    -0.187500    -0.257812     0.400391     0.097046    -0.533844     0.175945     0.515851    -0.471984    -0.324065     0.689317    -0.006799    -0.743219     0.393224
    -0.960000     0.000000     0.250000    -0.180000    -0.267000     0.389520     0.123409    -0.532584     0.132966     0.540285    -0.425132    -0.384916     0.661643     0.087884    -0.760722     0.284547
    -0.920000     0.000000     0.250000    -0.172500    -0.275813     0.378019     0.149141    -0.529088     0.089665     0.560480    -0.374808    -0.440766     0.625179     0.180181    -0.763614     0.170731
    -0.880000     0.000000     0.250000    -0.165000    -0.284250     0.365915     0.174185    -0.523403     0.046274     0.576361    -0.321506    -0.491079     0.580535     0.268676    -0.752056     0.054289
    -0.840000     0.000000     0.250000    -0.157500    -0.292313     0.353233     0.198488    -0.515581     0.003020     0.587877    -0.265738    -0.535386     0.528417     0.352034    -0.726466    -0.062263
    -0.800000     0.000000     0.250000    -0.150000    -0.300000     0.340000     0.222000    -0.505680    -0.039872     0.595008    -0.208022    -0.573288     0.469606     0.429025    -0.687500    -0.176450
    -0.760000     0.000000     0.250000    -0.142500    -0.307312     0.326242     0.244672    -0.493763    -0.082185     0.597762    -0.148888    -0.604459     0.404956     0.498532    -0.636038    -0.285890
    -0.720000     0.000000     0.250000    -0.135000    -0.314250     0.311985     0.266459    -0.479900    -0.123707     0.596172    -0.088865    -0.628645     0.335379     0.559570    -0.573166    -0.388338
    -0.680000     0.000000     0.250000    -0.127500    -0.320813     0.297256     0.287315    -0.464163    -0.164235     0.590300    -0.028482    -0.645667     0.261833     0.611294    -0.500153    -0.481724
    -0.640000     0.000000     0.250000    -0.120000    -0.327000     0.282080     0.307201    -0.446631    -0.203569     0.580230     0.031737    -0.655421     0.185310     0.653010    -0.418423    -0.564196
    -0.600000     0.000000     0.250000    -0.112500    -0.332812     0.266484     0.326077    -0.427387    -0.241523     0.566074     0.091277    -0.657876     0.106826     0.684178    -0.329534    -0.634144
    -0.560000     0.000000     0.250000    -0.105000    -0.338250     0.250495     0.343907    -0.406517    -0.277914     0.547965     0.149634    -0.653075     0.027407     0.704423    -0.235148    -0.690236
    -0.520000     0.000000     0.250000    -0.097500    -0.343313     0.234138     0.360655    -0.384113    -0.312573     0.526060     0.206320    -0.641135    -0.051922     0.713533    -0.137000    -0.731430
    -0.480000     0.000000     0.250000    -0.090000    -0.348000     0.217440     0.376291    -0.360269    -0.345336     0.500537     0.260867    -0.622238    -0.130149     0.711461    -0.036870    -0.756999
    -0.440000     0.000000     0.250000    -0.082500    -0.352313     0.200427     0.390785    -0.335082    -0.376055     0.471593     0.312827    -0.596637    -0.206286     0.698323     0.063444    -0.766534
    -0.400000     0.000000     0.250000    -0.075000    -0.356250     0.183125     0.404109    -0.308654    -0.404586     0.439444     0.361777    -0.564647    -0.279379     0.674394     0.162162    -0.759950
    -0.360000     0.000000     0.250000    -0.067500    -0.359812     0.165561     0.416240    -0.281088    -0.430801     0.404327     0.407323    -0.526643    -0.348520     0.640105     0.257544    -0.737485
    -0.320000     0.000000     0.250000    -0.060000    -0.363000     0.147760     0.427153    -0.252491    -0.454580     0.366489     0.449100    -0.483058    -0.412856     0.596032     0.347922    -0.699689
    -0.280000     0.000000     0.250000    -0.052500    -0.365812     0.129749     0.436830    -0.222971    -0.475818     0.326197     0.486773    -0.434375    -0.471597     0.542889     0.431726    -0.647415
    -0.240000     0.000000     0.250000    -0.045000    -0.368250     0.111555     0.445253    -0.192639    -0.494418     0.283727     0.520045    -0.381125    -0.524028     0.481514     0.507508    -0.581797
    -0.200000     0.000000     0.250000    -0.037500    -0.370313     0.093203     0.452405    -0.161608    -0.510299     0.239370     0.548653    -0.323880    -0.569511     0.412864     0.573963    -0.504226
    -0.160000     0.000000     0.250000    -0.030000    -0.372000     0.074720     0.458275    -0.129992    -0.523388     0.193424     0.572371    -0.263250    -0.607495     0.337990     0.629954    -0.416324
    -0.120000     0.000000     0.250000    -0.022500    -0.373312     0.056132     0.462852    -0.097906    -0.533630     0.146198     0.591013    -0.199873    -0.637523     0.258033     0.674523    -0.319910
    -0.080000     0.000000     0.250000    -0.015000    -0.374250     0.037465     0.466127    -0.065468    -0.540977     0.098005     0.604434    -0.134415    -0.659232     0.174202     0.706910    -0.216966
    -0.040000     0.000000     0.250000    -0.007500    -0.374812     0.018746     0.468094    -0.032793    -0.545399     0.049165     0.612529    -0.067559    -0.672363     0.087759     0.726565    -0.109600
     0.000000     0.000000     0.250000     0.000000    -0.375000    -0.000000     0.468750     0.000000    -0.546875    -0.000000     0.615234     0.000000    -0.676758    -0.000000     0.733154     0.000000
     0.040000     0.000000     0.250000     0.007500    -0.374812    -0.018746     0.468094     0.032793    -0.545399    -0.049165     0.612529     0.067559    -0.672363    -0.087759     0.726565     0.109600
     0.080000     0.000000     0.250000     0.015000    -0.374250    -0.037465     0.466127     0.065468    -0.540977    -0.098005     0.604434     0.134415    -0.659232    -0.174202     0.706910     0.216966
     0.120000     0.000000     0.250000     0.022500    -0.373312    -0.056132     0.462852     0.097906    -0.533630    -0.146198     0.591013     0.199873    -0.637523    -0.258033     0.674523     0.319910
     0.160000     0.000000     0.250000     0.030000    -0.372000    -0.074720     0.458275     0.129992    -0.523388    -0.193424     0.572371     0.263250    -0.607495    -0.337990     0.629954     0.416324
     0.200000     0.000000     0.250000     0.037500    -0.370312    -0.093203     0.452405     0.161608    -0.510299    -0.239370     0.548653     0.323880    -0.569511    -0.412864     0.573963     0.504226
     0.240000     0.000000     0.250000     0.045000    -0.368250    -0.111555     0.445253     0.192639    -0.494418    -0.283727     0.520045     0.381125    -0.524028    -0.481514     0.507508     0.581797
     0.280000     0.000000     0.250000     0.052500    -0.365812    -0.129749     0.436830     0.222971    -0.475818    -0.326197     0.486773     0.434375    -0.471597    -0.542889     0.431726     0.647415
     0.320000     0.000000     0.250000     0.060000    -0.363000    -0.147760     0.427153     0.252491    -0.454580    -0.366489     0.449100     0.483058    -0.412856    -0.596032     0.347922     0.699689
     0.360000     0.000000     0.250000     0.067500    -0.359812    -0.165561     0.416240     0.281088    -0.430801    -0.404327     0.407323     0.526643    -0.348520    -0.640105     0.257544     0.737485
     0.400000     0.000000     0.250000     0.075000    -0.356250    -0.183125     0.404109     0.308654    -0.404586    -0.439444     0.361777     0.564647    -0.279379    -0.674394     0.162162     0.759950
     0.440000     0.000000     0.250000     0.082500    -0.352312    -0.200427     0.390785     0.335082    -0.376055    -0.471593     0.312827     0.596637    -0.206286    -0.698323     0.063444     0.766534
     0.480000     0.000000     0.250000     0.090000    -0.348000    -0.217440     0.376291     0.360269    -0.345336    -0.500537     0.260867     0.622238    -0.130149    -0.711461    -0.036870     0.756999
     0.520000     0.000000     0.250000     0.097500    -0.343312    -0.234138     0.360655     0.384113    -0.312573    -0.526060     0.206320     0.641135    -0.051922    -0.713533    -0.137000     0.731430
     0.560000     0.000000     0.250000     0.105000    -0.338250    -0.250495     0.343907     0.406517    -0.277914    -0.547965     0.149634     0.653075     0.027407    -0.704423    -0.235148     0.690236
     0.600000     0.000000     0.250000     0.112500    -0.332812    -0.266484     0.326077     0.427387    -0.241523    -0.566074     0.091277     0.657876     0.106826    -0.684178    -0.329534     0.634144
     0.640000     0.000000     0.250000     0.120000    -0.327000    -0.282080     0.307201     0.446631    -0.203569    -0.580230     0.031737     0.655421     0.185310    -0.653010    -0.418423     0.564196
     0.680000     0.000000     0.250000     0.127500    -0.320813    -0.297256     0.287315     0.464163    -0.164235    -0.590300    -0.028482     0.645667     0.261833    -0.611294    -0.500153     0.481724
     0.720000     0.000000     0.250000     0.135000    -0.314250    -0.311985     0.266459     0.479900    -0.123707    -0.596172    -0.088865     0.628645     0.335379    -0.559570    -0.573166     0.388338
     0.760000     0.000000     0.250000     0.142500    -0.307312    -0.326242     0.244672     0.493763    -0.082185    -0.597762    -0.148888     0.604459     0.404956    -0.498532    -0.636038     0.285890
     0.800000     0.000000     0.250000     0.150000    -0.300000    -0.340000     0.222000     0.505680    -0.039872    -0.595008    -0.208022     0.573288     0.469606    -0.429025    -0.687500     0.176450
     0.840000     0.000000     0.250000     0.157500    -0.292313    -0.353233     0.198488     0.515581     0.003020    -0.587877    -0.265738     0.535386     0.528417    -0.352034    -0.726466     0.062263
     0.880000     0.000000     0.250000     0.165000    -0.284250    -0.365915     0.174185     0.523403     0.046274    -0.576361    -0.321506     0.491079     0.580535    -0.268676    -0.752056    -0.054289
     0.920000     0.000000     0.250000     0.172500    -0.275813    -0.378019     0.149141     0.529088     0.089665    -0.560480    -0.374808     0.440766     0.625179    -0.180181    -0.763614    -0.170731
     0.960000     0.000000     0.250000     0.180000    -0.267000    -0.389520     0.123409     0.532584     0.132966    -0.540285    -0.425132     0.384916     0.661643    -0.087884    -0.760722    -0.284547
     1.000000     0.000000     0.250000     0.187500    -0.257812    -0.400391     0.097046     0.533844     0.175945    -0.515851    -0.471984     0.324065     0.689317     0.006799    -0.743219    -0.393224
     1.040000     0.000000     0.250000     0.195000    -0.248250    -0.410605     0.070109     0.532828     0.218366    -0.487285    -0.514887     0.258812     0.707687     0.102384    -0.711203    -0.494310
     1.080000     0.000000     0.250000     0.202500    -0.238312    -0.420137     0.042657     0.529503     0.259992    -0.454722    -0.553388     0.189816     0.716352     0.197342    -0.665043    -0.585458
     1.120000     0.000000     0.250000     0.210000    -0.228000    -0.428960     0.014755     0.523841     0.300583    -0.418326    -0.587059     0.117789     0.715026     0.290117    -0.605376    -0.664484
     1.160000     0.000000     0.250000     0.217500    -0.217312    -0.437048    -0.013533     0.515824     0.339898    -0.378290    -0.615507     0.043496     0.703546     0.379155    -0.533102    -0.729412
     1.200000     0.000000     0.250000     0.225000    -0.206250    -0.444375    -0.042141     0.505437     0.377698    -0.334836    -0.638369    -0.032260     0.681882     0.462918    -0.449382    -0.778527
     1.240000     0.000000     0.250000     0.232500    -0.194812    -0.450914    -0.070997     0.492677     0.413745    -0.288215    -0.655324    -0.108635     0.650136     0.539917    -0.355617    -0.810412
     1.280000     0.000000     0.250000     0.240000    -0.183000    -0.456640    -0.100031     0.477546     0.447801    -0.238703    -0.666095    -0.184758     0.608547     0.608727    -0.253441    -0.823993
     1.320000     0.000000     0.250000     0.247500    -0.170812    -0.461526    -0.129167     0.460055     0.479635    -0.186607    -0.670447    -0.259737     0.557495     0.668020    -0.144688    -0.818574
     1.360000     0.000000     0.250000     0.255000    -0.158250    -0.465545    -0.158329     0.440224     0.509016    -0.132258    -0.668199    -0.332665     0.497497     0.716582    -0.031376    -0.793860
     1.400000     0.000000     0.250000     0.262500    -0.145312    -0.468672    -0.187438     0.418079     0.535721    -0.076013    -0.659221    -0.402632     0.429209     0.753338     0.084333    -0.749983
     1.440000     0.000000     0.250000     0.270000    -0.132000    -0.470880    -0.216413     0.393657     0.559534    -0.018253    -0.643440    -0.468733     0.353422     0.777375     0.200158    -0.687516
     1.480000     0.000000     0.250000     0.277500    -0.118312    -0.472143    -0.245169     0.367005     0.580245     0.040618    -0.620840    -0.530076     0.271055     0.787963     0.313745    -0.607474
     1.520000     0.000000     0.250000     0.285000    -0.104250    -0.472435    -0.273619     0.338176     0.597654     0.100174    -0.591470    -0.585796     0.183153     0.784573     0.422705    -0.511313
     1.560000     0.000000     0.250000     0.292500    -0.089812    -0.471729    -0.301677     0.307236     0.611571     0.159971    -0.555441    -0.635059     0.090872     0.766894     0.524657    -0.400914
     1.600000     0.000000     0.250000     0.300000    -0.075000    -0.470000    -0.329250     0.274260     0.621817     0.219546    -0.512930    -0.677081    -0.004525     0.734849     0.617276    -0.278562
     1.640000     0.000000     0.250000     0.307500    -0.059813    -0.467221    -0.356245     0.239331     0.628226     0.278420    -0.464181    -0.711129    -0.101683     0.688607     0.698342    -0.146912
     1.680000     0.000000     0.250000     0.315000    -0.044250    -0.463365    -0.382567     0.202546     0.630645     0.336100    -0.409507    -0.736540    -0.199171     0.628590     0.765785    -0.008943
     1.720000     0.000000     0.250000     0.322500    -0.028313    -0.458407    -0.408118     0.164009     0.628939     0.392084    -0.349290    -0.752726    -0.295493     0.555481     0.817736     0.132091
     1.760000     0.000000     0.250000     0.330000    -0.012000    -0.452320    -0.432797     0.123837     0.622987     0.445860    -0.283981    -0.759187    -0.389110     0.470223     0.852574     0.272727
     1.800000     0.000000     0.250000     0.337500     0.004687    -0.445078    -0.456501     0.082158     0.612688     0.496912    -0.214102    -0.755522    -0.478455     0.374022     0.868973     0.409362
     1.840000     0.000000     0.250000     0.345000     0.021750    -0.436655    -0.479125     0.039111     0.597960     0.544720    -0.140242    -0.741435    -0.561960     0.268335     0.865944     0.538334
     1.880000     0.000000     0.250000     0.352500     0.039187    -0.427024    -0.500563    -0.005153     0.578743     0.588765    -0.063056    -0.716749    -0.638070     0.154860     0.842876     0.656004
     1.920000     0.000000     0.250000     0.360000     0.057000    -0.416160    -0.520703    -0.050470     0.554998     0.628535     0.016733    -0.681416    -0.705274     0.035524     0.799571     0.758854
     1.960000     0.000000     0.250000     0.367500     0.075187    -0.404036    -0.539434    -0.096667     0.526711     0.663523     0.098343    -0.635517    -0.762125    -0.087540     0.736272     0.843572
     2.000000     0.000000     0.250000     0.375000     0.093750    -0.390625    -0.556641    -0.143555     0.493896     0.693237     0.180931    -0.579281    -0.807269    -0.212020     0.653687     0.907158
     2.040000     0.000000     0.250000     0.382500     0.112688    -0.375902    -0.572207    -0.190934     0.456593     0.717201     0.263599    -0.513081    -0.839469    -0.335455     0.553004     0.947018
     2.080000     0.000000     0.250000     0.390000     0.132000    -0.359840    -0.586013    -0.238591     0.414869     0.734958     0.345401    -0.437447    -0.857633    -0.455266     0.435898     0.961056
     2.120000     0.000000     0.250000     0.397500     0.151688    -0.342413    -0.597937    -0.286299     0.368827     0.746080     0.425343    -0.353067    -0.860841    -0.568804     0.304523     0.947767
     2.160000     0.000000     0.250000     0.405000     0.171750    -0.323595    -0.607855    -0.333818     0.318597     0.750169     0.502397    -0.260789    -0.848371    -0.673391     0.161503     0.906323
     2.200000     0.000000     0.250000     0.412500     0.192188    -0.303359    -0.615642    -0.380895     0.264349     0.746862     0.575503    -0.161624    -0.819729    -0.766372     0.009906     0.836639
     2.240000     0.000000     0.250000     0.420000     0.213000    -0.281680    -0.621167    -0.427261     0.206284     0.735840     0.643580    -0.056745    -0.774670    -0.845164    -0.146799     0.739438
     2.280000     0.000000     0.250000     0.427500     0.234188    -0.258531    -0.624300    -0.472635     0.144645     0.716829     0.705533     0.052515    -0.713226    -0.907324    -0.304786     0.616298
     2.320000     0.000000     0.250000     0.435000     0.255750    -0.233885    -0.624907    -0.516720     0.079714     0.689610     0.760266     0.164670    -0.635724    -0.950601    -0.459941     0.469672
     2.360000     0.000000     0.250000     0.442500     0.277688    -0.207717    -0.622854    -0.559204     0.011814     0.654026     0.806694     0.278087    -0.542814    -0.973003    -0.607934     0.302896
     2.400000     0.000000     0.250000     0.450000     0.300000    -0.180000    -0.618000    -0.599760    -0.058688     0.609984     0.843754     0.390995    -0.435476    -0.972864    -0.744314     0.120169
     2.440000     0.000000     0.250000     0.457500     0.322688    -0.150708    -0.610206    -0.638047    -0.131378     0.557467     0.870417     0.501496    -0.315042    -0.948908    -0.864609    -0.073491
     2.480000     0.000000     0.250000     0.465000     0.345750    -0.119815    -0.599329    -0.673707    -0.205796     0.496537     0.885707     0.607585    -0.183202    -0.900317    -0.964440    -0.272330
     2.520000     0.000000     0.250000     0.472500     0.369188    -0.087294    -0.585224    -0.706367    -0.281430     0.427347     0.888719     0.707167    -0.042009    -0.826792    -1.039655    -0.469957
     2.560000     0.000000     0.250000     0.480000     0.393000    -0.053120    -0.567743    -0.735638    -0.357718     0.350144     0.878629     0.798076     0.106122    -0.728618    -1.086456    -0.659486
     2.600000     0.000000     0.250000     0.487500     0.417188    -0.017266    -0.546735    -0.761113    -0.434043     0.265284     0.854721     0.878108     0.258424    -0.606714    -1.101551    -0.833710
     2.640000     0.000000     0.250000     0.495000     0.441750     0.020295    -0.522049    -0.782370    -0.509731     0.173231     0.816405     0.945044     0.411786    -0.462692    -1.082304    -0.985305
     2.680000     0.000000     0.250000     0.502500     0.466687     0.059588    -0.493530    -0.798969    -0.584052     0.074576     0.763236     0.996693     0.562787    -0.298888    -1.026884    -1.107069
     2.720000     0.000000     0.250000     0.510000     0.492000     0.100640    -0.461021    -0.810455    -0.656213    -0.029962     0.694945     1.030923     0.707718    -0.118396    -0.934423    -1.192189
     2.760000     0.000000     0.250000     0.517500     0.517687     0.143477    -0.424362    -0.816353    -0.725359    -0.139521     0.611457     1.045712     0.842634     0.074914    -0.805164    -1.234539
     2.800000     0.000000     0.250000     0.525000     0.543750     0.188125    -0.383391    -0.816172    -0.790571    -0.253089     0.512922     1.039195     0.963403     0.276404    -0.640598    -1.228996
     2.840000     0.000000     0.250000     0.532500     0.570187     0.234611    -0.337944    -0.809401    -0.850861    -0.369494     0.399744     1.009721     1.065776     0.480678    -0.443587    -1.171774
     2.880000     0.000000     0.250000     0.540000     0.597000     0.282960    -0.287855    -0.795514    -0.905171    -0.487391     0.272609     0.955912     1.145468     0.681638    -0.218468    -1.060764
     2.920000     0.000000     0.250000     0.547500     0.624188     0.333199    -0.232954    -0.773964    -0.952373    -0.605253     0.132521     0.876733     1.198258     0.872542     0.028878    -0.895877
     2.960000     0.000000     0.250000     0.555000     0.651750     0.385355    -0.173071    -0.744186    -0.991262    -0.721360    -0.019168     0.771565     1.220098     1.046117     0.290990    -0.679358
     3.000000     0.000000     0.250000     0.562500     0.679688     0.439453    -0.108032    -0.705597    -1.020557    -0.833785    -0.180718     0.640291     1.207248     1.194685     0.558844    -0.416078
     3.040000     0.000000     0.250000     0.570000     0.708000     0.495520    -0.037661    -0.657593    -1.038899    -0.940386    -0.349962     0.483378     1.156430     1.310351     0.821923    -0.113773
     3.080000     0.000000     0.250000     0.577500     0.736688     0.553582     0.038221    -0.599551    -1.044843    -1.038790    -0.524271     0.301979     1.064998     1.385215     1.068368     0.216797
     3.120000     0.000000     0.250000     0.585000     0.765750     0.613665     0.119795    -0.530831    -1.036864    -1.126381    -0.700504     0.098038     0.931140     1.411654     1.285203     0.561786
     3.160000     0.000000     0.250000     0.592500     0.795188     0.675796     0.207242    -0.450768    -1.013347    -1.200288    -0.874969    -0.125600     0.754095     1.382646     1.458669     0.904335
     3.200000     0.000000     0.250000     0.600000     0.825000     0.740000     0.300750    -0.358680    -0.972587    -1.257372    -1.043372    -0.365059     0.534409     1.292168     1.574670     1.224809
     3.240000     0.000000     0.250000     0.607500     0.855188     0.806304     0.400505    -0.253865    -0.912789    -1.294209    -1.200771    -0.615307     0.274210     1.135656     1.619359     1.501246
     3.280000     0.000000     0.250000     0.615000     0.885750     0.874735     0.506699    -0.135598    -0.832060    -1.307080    -1.341519    -0.870007    -0.022482     0.910553     1.579883     1.710067
     3.320000     0.000000     0.250000     0.622500     0.916688     0.945318     0.619522    -0.003134    -0.728412    -1.291951    -1.459215    -1.121368    -0.349408     0.616929     1.445299     1.827087
     3.360000     0.000000     0.250000     0.630000     0.948000     1.018080     0.739171     0.144292    -0.599754    -1.244463    -1.546643    -1.359977    -0.697692     0.258210     1.207701     1.828902
     3.400000     0.000000     0.250000     0.637500     0.979688     1.093047     0.865843     0.307470    -0.443893    -1.159914    -1.595714    -1.574628    -1.055425    -0.158002     0.863582     1.694710
     3.440000     0.000000     0.250000     0.645000     1.011750     1.170245     0.999737     0.487208    -0.258529    -1.033241    -1.597403    -1.752128    -1.407200    -0.618989     0.415445     1.408651
     3.480000     0.000000     0.250000     0.652500     1.044188     1.249701     1.141055     0.684338    -0.041254    -0.859009    -1.541682    -1.877102    -1.733615    -1.105856    -0.126280     0.962743
     3.520000     0.000000     0.250000     0.660000     1.077000     1.331440     1.290001     0.899714     0.210454    -0.631389    -1.417458    -1.931779    -2.010723    -1.592336    -0.740999     0.360505
     3.560000     0.000000     0.250000     0.667500     1.110188     1.415489     1.446783     1.134214     0.499229    -0.344143    -1.212494    -1.895760    -2.209432    -2.043450    -1.395346    -0.378605
     3.600000     0.000000     0.250000     0.675000     1.143750     1.501875     1.611609     1.388737     0.827825     0.009393    -0.913340    -1.745782    -2.294854    -2.414009    -2.040175    -1.213855
     3.640000     0.000000     0.250000     0.682500     1.177688     1.590623     1.784691     1.664205     1.199117     0.436329    -0.505254    -1.455460    -2.225604    -2.646944    -2.607093    -2.076850
     3.680000     0.000000     0.250000     0.690000     1.212000     1.681760     1.966243     1.961564     1.616101     0.944240     0.027875    -0.995015    -1.953032    -2.671453    -3.004500    -2.863956
     3.720000     0.000000     0.250000     0.697500     1.246688     1.775312     2.156481     2.281785     2.081903     1.541181     0.703618    -0.330987    -1.420397    -2.400950    -3.113077    -3.427390
     3.760000     0.000000     0.250000     0.705000     1.281750     1.871305     2.355623     2.625861     2.599778     2.235712     1.541083     0.574070    -0.561977    -1.730798    -2.780672    -3.564791
     3.800000     0.000000     0.250000     0.712500     1.317187     1.969766     2.563890     2.994811     3.173114     3.036913     2.561014     1.761909     0.697893    -0.535814    -1.816515    -3.007094
     3.840000     0.000000     0.250000     0.720000     1.353000     2.070720     2.781505     3.389675     3.805435     3.954408     3.785879     3.278928     2.445851     1.332479     0.015285    -1.404501
     3.880000     0.000000     0.250000     0.727500     1.389188     2.174194     3.008695     3.811522     4.500404     4.998386     5.239969     5.176530     4.780626     4.048854     3.003048     1.689683
     3.920000     0.000000     0.250000     0.735000     1.425750     2.280215     3.245687     4.261442     5.261828     6.179619     6.949500     7.511501     7.814218     7.817678     7.495691     6.837575
     3.960000     0.000000     0.250000     0.742500     1.462687     2.388808     3.492711     4.740554     6.093660     7.509487     8.942717    10.346404    11.673184    12.876506    13.911844    14.737885
     4.000000     0.000000     0.250000     0.750000     1.500000     2.500000     3.750000     5.250000     7.000000     9.000000    11.250000    13.750000    16.500000    19.500000    22.750000    26.250000
